0.00505304336548
0.00148582458496
6.78977108002
0.0383460521698
0.0102500915527
0.296993017197
0.00605797767639
0.150016069412
0.0240609645844
0.00451588630676
0.101133108139
0.035835981369
0.904010057449
0.00155901908875
0.00492382049561
2.77898311615
10.3487539291
0.00353002548218
378.348019123
0.0089430809021
0.00835013389587
4.11078906059
0.00728487968445
0.00978708267212
0.00807213783264
0.0532288551331
0.0841829776764
0.0278890132904
0.041032075882
16.4986181259
0.00424599647522
0.0078661441803
0.00158596038818
0.0128660202026
0.00174403190613
0.449450969696
0.00287985801697
0.288734912872
0.00144696235657
1.12402296066
0.0224099159241
0.125200986862
0.00192904472351
0.023041009903
0.00155591964722
9.17969512939
0.0118169784546
0.567219018936
0.00169897079468
0.0040500164032
0.0025200843811
