0.00866389274597
0.0120770931244
0.00811314582825
0.0271680355072
0.012638092041
0.0144150257111
0.0498650074005
0.0192060470581
0.0405580997467
0.035640001297
0.0129618644714
0.0169548988342
0.0353300571442
0.0244169235229
0.024288892746
0.112907886505
0.0673980712891
0.138083934784
0.147594928741
0.141361951828
0.10609793663
0.164167165756
0.223802804947
0.114670038223
0.0954189300537
0.0890419483185
0.334898948669
0.229415893555
0.174153804779
0.0867230892181
0.190582990646
0.0278258323669
0.204196929932
0.156085968018
0.200906038284
0.827540874481
0.223985910416
0.149399995804
0.240041971207
0.017119884491
0.100810050964
0.472627878189
0.237141132355
0.241470098495
1.51146912575
0.314541101456
0.642669200897
1.52192187309
1.75048112869
0.190605163574
0.686066865921
1.8091199398
1.76526498795
0.536118030548
0.677793979645
2.89837908745
0.635160923004
0.804571151733
0.627337932587
1.10528612137
0.806815862656
1.41165089607
3.19291090965
0.486089944839
4.76192378998
1.66761302948
2.94877696037
0.483548164368
2.13285493851
4.64004802704
1.86557292938
1.3011610508
2.60389900208
1.98113393784
9.73260593414
0.762843132019
3.77939200401
0.729940891266
6.33944511414
5.73054695129
3.32852506638
2.49994707108
4.64082193375
9.30010104179
2.69417381287
7.82392787933
12.029556036
13.9751570225
13.5758640766
6.63833093643
14.5236930847
15.6488230228
6.97760891914
21.0156469345
5.6869289875
9.34036803246
40.8721039295
18.4468359947
67.024821043
79.9230470657
