0.26460313797
0.0714778900146
0.0827441215515
0.0851221084595
0.0727000236511
0.0911920070648
0.0921759605408
0.101884126663
0.0948910713196
0.104849100113
0.0946629047394
0.0943839550018
0.102432012558
0.106462001801
0.109268188477
0.117745876312
0.149145841599
0.142241954803
0.133958816528
0.135934829712
0.153064012527
0.182330131531
0.151912927628
0.14269900322
0.162669897079
0.157073020935
0.175171852112
0.167707204819
0.23357796669
0.223566055298
0.219834089279
0.112253904343
0.214782953262
0.211551904678
0.270201921463
0.296762943268
0.25948882103
0.259186029434
0.286206960678
0.10458779335
0.143702030182
0.315752029419
0.282052993774
0.193758010864
0.377696990967
0.40870308876
0.457771062851
0.483082771301
0.49921298027
0.40714597702
0.551127910614
0.594544887543
0.527390003204
0.509077072144
0.581974983215
0.696912050247
0.515421152115
0.62383389473
0.643685102463
0.627450942993
0.759045124054
0.79570889473
0.608799934387
0.852018117905
0.882149934769
0.961400032043
0.880701065063
0.279273986816
1.08713006973
1.01563286781
0.437882184982
1.2026078701
1.43222904205
1.1557199955
1.68285012245
0.225167989731
1.52234482765
0.709691047668
2.26621699333
2.07867693901
2.803565979
2.1190199852
1.30981206894
3.34895801544
2.45995903015
1.82008481026
8.006305933
3.08989787102
7.57912182808
4.00132203102
7.7351641655
8.66353106499
2.95889186859
11.4068100452
8.98368906975
4.85195612907
28.2123360634
11.5369009972
30.1392838955
62.9645190239
