0.00540089607239
0.00151610374451
6.80250692368
0.0386490821838
0.0100209712982
0.297178983688
0.00484895706177
0.150947093964
0.0239970684052
0.00460600852966
0.101711988449
0.0358030796051
0.903429985046
0.00173211097717
0.00485897064209
2.793653965
10.4648718834
0.00359082221985
377.598140955
0.00923490524292
0.008709192276
4.15574479103
0.00707817077637
0.00949597358704
0.00810098648071
0.0536851882935
0.0841329097748
0.0281431674957
0.0409369468689
16.5022850037
0.00424885749817
0.00784707069397
0.00170111656189
0.0131599903107
0.00191783905029
0.45097899437
0.00291204452515
0.289096832275
0.00147604942322
1.1211271286
0.0223598480225
0.124979019165
0.00204205513
0.0229170322418
0.00157594680786
9.15105295181
0.0120210647583
0.568559885025
0.00190591812134
0.00394582748413
0.00277304649353
