0.0647699832916
0.0566031932831
0.790447235107
0.0884959697723
0.0646481513977
0.162011146545
0.0693109035492
0.129865169525
0.0776739120483
0.054270029068
0.112470149994
0.0690460205078
0.172097921371
0.0524280071259
0.0585420131683
0.463365077972
0.953730821609
0.0571150779724
13.4289309978
0.0707788467407
0.0693860054016
0.526401042938
0.0721387863159
0.0542619228363
0.0706758499146
0.0945801734924
0.108995914459
0.0813481807709
0.0798389911652
1.07162618637
0.0543210506439
0.0693590641022
0.0506041049957
0.0736248493195
0.0593180656433
0.127184152603
0.0607399940491
0.126048803329
0.0584881305695
0.194180011749
0.0744669437408
0.113697052002
0.0476260185242
0.0760791301727
0.0575940608978
0.822663068771
0.0510430335999
0.229351997375
0.0519490242004
0.0532619953156
0.0530350208282
