0.0576050281525
0.0523359775543
0.0515921115875
0.087984085083
0.0499169826508
0.173404932022
0.100610971451
0.148838996887
0.109437942505
0.231379032135
0.122250080109
0.124305963516
0.124685049057
0.121584892273
0.159779071808
0.241995096207
0.230282068253
0.226286888123
0.220430135727
0.270503997803
0.275501012802
0.290987968445
0.359525918961
0.301614999771
0.464727878571
0.439252853394
0.537307977676
0.193634986877
0.555193901062
0.538253068924
0.759875059128
0.176010131836
0.485193967819
0.585969924927
1.04041194916
0.691411972046
0.679492950439
1.10704398155
0.820689201355
0.0919179916382
0.219946146011
0.810945987701
1.00694704056
0.373986959457
1.17103409767
1.43461298943
1.56212711334
2.23728895187
1.88835287094
2.10447406769
2.35126900673
1.7959690094
1.74860692024
1.71361494064
2.14659810066
2.52025198936
1.8896420002
2.04376506805
2.25616598129
2.01598596573
2.79266500473
2.87659406662
1.90675187111
3.48791694641
3.42856311798
3.91297888756
4.18908619881
0.90674495697
4.15929508209
3.69925689697
1.58737301826
5.07416701317
5.94121599197
4.21624803543
6.82174611092
0.610506057739
6.28411006927
3.18897008896
10.1133308411
8.78199720383
11.8446588516
9.33161187172
5.350481987
10.5318341255
10.6602509022
7.8528380394
33.3560869694
13.5242130756
33.6121499538
17.2357230186
32.4330611229
36.1319069862
12.2294509411
47.2404949665
16.51968503
20.3445320129
6.59120106697
43.777050972
10.6446311474
24.379212141
