0.00333189964294
0.00135087966919
1.29110002518
0.0258920192719
0.0031099319458
0.144757032394
0.00289797782898
0.087662935257
0.017685174942
0.00408291816711
0.0745899677277
0.0160348415375
0.185459852219
0.00184202194214
0.00408506393433
1.36482095718
4.79257392883
0.00278401374817
315.877534866
0.00340008735657
0.00360012054443
4.01700305939
0.00280785560608
0.00368499755859
0.0035228729248
0.0151150226593
0.0341229438782
0.0211908817291
0.0160920619965
11.8866548538
0.00400686264038
0.00394487380981
0.00148606300354
0.00381207466125
0.00152206420898
0.423590898514
0.00260806083679
0.0864078998566
0.00142407417297
0.655518054962
0.0173580646515
0.0767729282379
0.00154590606689
0.0140781402588
0.00146508216858
7.87779903412
0.00739192962646
0.167946100235
0.00146508216858
0.00244617462158
0.00174617767334
