0.0087411403656
0.0119459629059
0.00792789459229
0.0272371768951
0.0126051902771
0.0143780708313
0.0494771003723
0.0191249847412
0.0404078960419
0.0356547832489
0.0130808353424
0.0168249607086
0.0349259376526
0.0236349105835
0.023873090744
0.112636089325
0.0670409202576
0.136937856674
0.145529031754
0.140737056732
0.105711936951
0.164139986038
0.222815990448
0.114434957504
0.0950019359589
0.0887749195099
0.337342977524
0.229856967926
0.173825979233
0.087375164032
0.191969871521
0.0278198719025
0.202629804611
0.157352924347
0.200401067734
0.826766014099
0.225035905838
0.149880886078
0.239573001862
0.0168280601501
0.0997750759125
0.471371889114
0.236382007599
0.241122961044
1.51916384697
0.313107013702
0.642012119293
1.51330709457
1.75000309944
0.190007925034
0.688795804977
1.81582093239
1.77432799339
0.537869930267
0.680441141129
2.89918518066
0.632829189301
0.803569078445
0.62242102623
1.09933495522
0.807257175446
1.41088604927
3.18438696861
0.487066984177
4.77816295624
1.67957782745
2.96173095703
0.483037948608
2.14533901215
4.65525007248
1.87608408928
1.29710793495
2.61204504967
1.98587393761
9.74687099457
0.763729095459
3.78271412849
0.730386018753
6.32709598541
5.73869895935
3.32260107994
2.50057911873
4.62145900726
9.28317499161
2.67075800896
7.8105700016
12.0270569324
13.9761819839
13.6046898365
6.63614201546
14.5187039375
15.5945169926
6.97229003906
20.9835190773
5.69802498817
9.40404391289
40.9724049568
18.4566230774
67.021697998
79.839512825
