0.0830898284912
0.0835340023041
0.0949349403381
0.119824171066
0.0957691669464
0.13932800293
0.137672901154
0.158338069916
0.129851818085
0.195000886917
0.147454023361
0.148273944855
0.134176015854
0.144679069519
0.181257963181
0.220365047455
0.224822044373
0.223309993744
0.235836982727
0.260926961899
0.274045944214
0.316712856293
0.317425012589
0.278399944305
0.316281080246
0.343863964081
0.368177890778
0.243255138397
0.46790099144
0.521231889725
0.477657079697
0.187765836716
0.468968868256
0.484642028809
0.683132886887
0.642075061798
0.623579978943
0.643720149994
0.718049049377
0.123713970184
0.220978021622
0.775818109512
0.680994033813
0.365975141525
0.944692850113
1.17278003693
1.23551106453
1.35662794113
1.41917896271
1.13356494904
1.70175004005
1.67953801155
1.46712708473
1.45306706429
1.67786598206
2.02152991295
1.47661995888
1.78201699257
1.90563011169
1.85031414032
2.25115799904
2.32050895691
1.71464204788
2.67930603027
2.68796896935
2.9892809391
2.70265889168
0.705396175385
3.38735508919
3.09586906433
1.26025986671
3.83787202835
4.57753396034
3.61560893059
5.42367100716
0.549049139023
4.87980103493
2.18730306625
7.47014713287
6.78931593895
9.23371696472
7.00272989273
4.14204502106
11.0703399181
8.1437869072
5.95330500603
27.1159198284
10.246104002
25.5923359394
13.6206769943
26.1748759747
29.2110648155
9.81165504456
38.7492029667
30.8222258091
16.2739698887
96.5951290131
39.0651259422
102.987436056
36.0787169933
