0.160341024399
0.0409510135651
0.03781914711
0.159304141998
0.0349547863007
0.040727853775
0.0369138717651
0.0423309803009
0.03706407547
0.0385050773621
0.0378811359406
0.0285680294037
0.0294919013977
0.0293231010437
0.0333399772644
0.027645111084
0.153563976288
0.0275540351868
0.0283489227295
0.0316758155823
119.119685888
0.161925077438
0.0365970134735
0.340680122375
0.164453983307
0.0386779308319
0.0358409881592
0.156034946442
0.0375299453735
0.152047872543
0.10911989212
0.0374760627747
0.0391139984131
0.0373260974884
0.0367908477783
0.0301449298859
0.0291891098022
0.162286996841
0.0361218452454
0.0273129940033
0.0292809009552
0.266072034836
0.15629696846
2.03334379196
0.0792460441589
0.0337481498718
0.3766310215
3.26777815819
0.0384361743927
0.180073976517
0.265341043472
