0.0368590354919
0.0325241088867
0.0298268795013
0.0328481197357
0.030711889267
0.0327610969543
0.031537771225
0.0313370227814
0.0291509628296
0.0322079658508
0.0322299003601
0.0304999351501
0.0326159000397
0.0300779342651
0.0321521759033
0.0314209461212
0.0326490402222
0.0310249328613
0.032261133194
0.0319139957428
0.0324897766113
0.0323979854584
0.0321910381317
0.0324621200562
0.0308208465576
0.0324671268463
0.0291090011597
0.0314869880676
0.0307049751282
0.0302169322968
0.0281209945679
0.0324420928955
0.0331468582153
0.0326609611511
0.0327310562134
0.031035900116
0.0325961112976
0.03098487854
0.0315041542053
0.0296258926392
0.0321209430695
0.0305588245392
0.032557964325
0.0311601161957
0.0325591564178
0.0325520038605
0.0337450504303
0.0342831611633
0.0310959815979
0.032851934433
0.0304441452026
0.0323269367218
0.0293300151825
0.0324330329895
0.0307569503784
0.0321068763733
0.0312569141388
0.0326251983643
0.0324831008911
0.0311920642853
0.0288450717926
0.0281798839569
0.0289318561554
0.0295670032501
0.0324759483337
0.0306751728058
0.0326781272888
0.0308039188385
0.0320198535919
0.0321478843689
0.0326478481293
0.0327520370483
0.0312638282776
0.0326111316681
0.031259059906
0.0325169563293
0.0290548801422
0.03253698349
0.0309679508209
0.0332751274109
0.0311939716339
0.0325610637665
0.0322499275208
0.0322880744934
0.0324981212616
0.0317158699036
0.0323889255524
0.0308129787445
0.0325198173523
0.0294110774994
0.0326309204102
0.0309028625488
0.0326189994812
0.0313768386841
0.0326790809631
0.032289981842
0.031975030899
0.0323841571808
0.0310900211334
0.0322148799896
