0.0445239543915
0.0278007984161
0.0294380187988
0.0293409824371
0.0296478271484
0.029082775116
0.0294120311737
0.0308620929718
0.0312638282776
0.0292720794678
0.0305318832397
0.0296628475189
0.0293929576874
0.0293729305267
0.0277547836304
0.029886007309
0.0284459590912
0.0297069549561
0.0285849571228
0.0312550067902
0.0305349826813
0.0311019420624
0.0298249721527
0.0290801525116
0.0298130512238
0.0299391746521
0.0292940139771
0.0292339324951
0.029678106308
0.0284171104431
0.0292000770569
0.0284979343414
0.0293028354645
0.0283629894257
0.0299379825592
0.0299830436707
0.0288259983063
0.0301420688629
0.0283539295197
0.0295791625977
0.0277931690216
0.0297768115997
0.0287580490112
0.0300779342651
0.0293719768524
0.0300478935242
0.0299530029297
0.0294559001923
0.0297250747681
0.0281760692596
0.0300109386444
0.0277321338654
0.0297529697418
0.0281298160553
0.0295519828796
0.0283570289612
0.029767036438
0.0295991897583
0.029757976532
0.029452085495
0.0293068885803
0.0294280052185
0.0287840366364
0.02934217453
0.0274860858917
0.029580116272
0.0281360149384
0.0297281742096
0.0281970500946
0.0296349525452
0.0292491912842
0.0296649932861
0.0296840667725
0.0286180973053
0.0299918651581
0.0281229019165
0.0297141075134
0.0278890132904
0.0300309658051
0.0289731025696
0.0299549102783
0.0295798778534
0.0305449962616
0.030534029007
0.0304222106934
0.0310218334198
0.0286388397217
0.0299770832062
0.0282111167908
0.0299520492554
0.0279409885406
0.030412197113
0.0288808345795
0.0293529033661
0.031417131424
0.0301289558411
0.0293509960175
0.0301451683044
0.0297598838806
0.029972076416
