0.00190711021423
0.00165915489197
0.00136017799377
0.00130391120911
0.00154590606689
0.0127911567688
0.00202202796936
0.0105080604553
0.00228214263916
0.00889086723328
0.056174993515
0.076131105423
0.05939412117
0.0238819122314
0.0511679649353
0.140097141266
0.145664215088
0.0986471176147
0.0964210033417
0.12352514267
0.257916927338
0.213478088379
0.188638925552
0.222133159637
0.250675201416
0.211372852325
0.283491849899
0.717069149017
2.25440406799
2.26576685905
3.12204003334
23.629306078
2.65911698341
8.75765705109
6.60676002502
24.4140911102
24.169244051
33.0483081341
42.6023628712
45.6185281277
115.196327925
84.7501149178
72.939893961
113.504936934
93.9829540253
233.90307498
303.042969942
262.388818979
436.46171093
507.450183868
