0.0646228790283
0.0544350147247
0.790023088455
0.0825579166412
0.0746309757233
0.168586969376
0.0690469741821
0.131228923798
0.0798690319061
0.0548379421234
0.109570026398
0.0730390548706
0.184759140015
0.0544471740723
0.0548839569092
0.46373796463
0.944057941437
0.0615789890289
13.4170718193
0.0698809623718
0.069433927536
0.531368017197
0.0706648826599
0.0524060726166
0.0723218917847
0.0940761566162
0.107578992844
0.080983877182
0.0786209106445
1.06833100319
0.0551660060883
0.066801071167
0.0483388900757
0.0744528770447
0.0544459819794
0.124024868011
0.0647051334381
0.133737802505
0.0532510280609
0.195168972015
0.0710520744324
0.109345912933
0.0514779090881
0.0780370235443
0.0564370155334
0.826735019684
0.0552551746368
0.224521160126
0.0522229671478
0.0567200183868
0.0515949726105
