0.047704
0.038379
0.06113
0.201005
0.095596
0.191411
0.367214
0.204778
0.306014
0.284136
0.305025
0.110377
0.289316
0.239678
0.279657
0.923442
0.538543
1.1878
1.1322
1.47945
1.00648
1.14941
1.32802
1.05099
1.69638
0.989989
1.00618
1.98992
1.92435
1.02235
1.67817
0.68721
1.83322
1.74525
2.17479
5.99192
2.43064
1.85002
2.70342
0.219052
0.837685
4.38206
4.08439
1.30664
11.8988
4.12998
7.30009
11.9542
14.9045
3.15863
6.82843
15.4785
14.3078
6.3952
9.52455
23.44
6.78865
12.5335
9.71004
10.0964
9.89024
18.026
24.2917
6.56683
41.1627
26.6888
25.8386
4.8302
20.9062
39.7022
13.2366
35.0957
29.657
20.3773
42.5578
5.5655
35.0264
7.91016
48.1189
41.8695
44.187
53.4389
50.5404
65.0354
49.021
65.619
158.832
53.0546
182.361
72.8374
155.398
138.475
60.4458
183.656
156.9
72.1332
348.898
168.607
507.143
771.022
